255 255 255 255 255 255 255 255 
255 207 207 207 207 255 207 255 
255 147 147 255 255 255 255 255 
255 147 1 147 147 1 147 255 
255 231 129 135 129 225 129 231 
255 25 19 231 207 145 49 255 
255 207 135 207 129 51 129 255 
255 231 207 255 255 255 255 255 
255 243 231 231 231 231 243 255 
255 159 207 207 207 207 159 255 
255 255 195 231 129 231 195 255 
255 255 231 231 129 231 231 255 
255 255 255 255 255 231 231 207 
255 255 255 255 129 255 255 255 
255 255 255 255 255 199 199 255 
255 255 249 243 231 207 159 255 
255 131 49 33 9 25 131 255 
255 199 135 231 231 231 129 255 
255 131 57 249 131 63 1 255 
255 131 57 227 249 57 131 255 
255 231 199 135 39 1 231 255 
255 1 63 3 249 57 131 255 
255 131 63 3 57 57 131 255 
255 1 249 243 231 207 207 255 
255 131 57 131 57 57 131 255 
255 131 57 57 129 249 131 255 
255 255 255 207 255 255 207 255 
255 255 207 255 255 207 207 159 
255 255 243 231 207 231 243 255 
255 255 255 129 255 129 255 255 
255 255 207 231 243 231 207 255 
255 131 57 243 231 255 231 255 
255 131 33 1 1 63 131 255 
255 131 57 57 1 57 57 255 
255 3 57 3 57 57 3 255 
255 131 57 63 63 57 131 255 
255 7 51 57 57 51 7 255 
255 1 63 3 63 63 1 255 
255 1 63 3 63 63 63 255 
255 131 57 63 33 57 131 255 
255 57 57 1 57 57 57 255 
255 129 231 231 231 231 129 255 
255 249 249 249 57 57 131 255 
255 51 39 15 39 51 57 255 
255 63 63 63 63 63 1 255 
255 57 17 1 57 57 57 255 
255 57 25 9 33 49 57 255 
255 131 57 57 57 57 131 255 
255 3 57 57 3 63 63 255 
255 131 57 57 9 33 131 255 
255 3 57 57 3 51 57 255 
255 131 63 131 249 57 131 255 
255 1 207 207 207 207 207 255 
255 57 57 57 57 57 131 255 
255 57 57 57 57 147 199 255 
255 57 57 57 57 1 147 255 
255 57 147 199 199 147 57 255 
255 121 51 135 207 207 207 255 
255 1 243 231 207 159 1 255 
255 225 231 231 231 231 225 255 
255 255 63 159 207 231 243 255 
255 15 207 207 207 207 15 255 
255 207 135 3 207 207 207 255 
255 255 255 255 255 255 255 0 
255 195 153 7 159 159 1 255 
255 255 135 243 131 51 131 255 
255 159 159 131 153 153 131 255 
255 255 195 159 159 159 195 255 
255 243 243 131 51 51 131 255 
255 255 135 51 7 63 131 255 
255 227 207 199 207 207 207 255 
255 255 131 51 51 131 243 135 
255 63 63 7 51 51 51 255 
255 207 255 143 207 207 135 255 
255 243 255 243 243 243 147 199 
255 159 135 143 143 135 147 255 
255 207 207 207 207 207 227 255 
255 255 7 3 3 3 3 255 
255 255 7 51 51 51 51 255 
255 255 135 51 51 51 135 255 
255 255 7 51 51 7 63 63 
255 255 131 51 51 131 243 241 
255 255 195 159 159 159 159 255 
255 255 135 63 135 243 7 255 
255 207 135 207 207 207 227 255 
0 1 3 7 15 31 63 255 
159 96 95 181 187 181 190 189 
249 6 250 173 221 173 125 189 
255 131 1 5 5 57 131 255 
159 96 95 189 189 191 190 189 
249 6 250 189 189 253 125 189 
255 225 231 143 231 231 225 255 
255 231 231 231 231 231 231 255 
255 15 207 227 207 207 15 255 
255 195 135 255 255 255 255 255 
131 57 68 28 28 68 57 131 
